1 0.2915797233581543
2 0.14958405494689941
3 0.14020323753356934
4 0.1450803279876709
5 0.14426946640014648
6 0.14484381675720215
7 0.14425301551818848
8 0.1451256275177002
9 0.14634370803833008
10 0.1450824737548828
11 0.1619117259979248
12 0.14850544929504395
13 0.14900565147399902
14 0.14466118812561035
15 0.15048909187316895
16 0.14708232879638672
17 0.14708304405212402
18 0.14809036254882812
19 0.14767956733703613
20 0.15059351921081543
21 0.14565610885620117
22 0.1685185432434082
23 0.1485898494720459
24 0.14672279357910156
25 0.14746809005737305
26 0.14894771575927734
27 0.1505906581878662
28 0.14985036849975586
29 0.15093350410461426
30 0.14336276054382324
31 0.1403048038482666
32 0.1431574821472168
