1 0.782057523727417
2 0.6608343124389648
3 0.6285073757171631
4 0.6513919830322266
5 0.6325159072875977
6 0.6319236755371094
7 0.6446294784545898
8 0.6354341506958008
9 0.6354644298553467
10 0.6347529888153076
11 0.6529624462127686
12 0.6343204975128174
13 0.639333963394165
14 0.6332728862762451
15 0.6555702686309814
16 0.6370453834533691
17 0.635765552520752
18 0.6565840244293213
19 0.6419064998626709
20 0.6356716156005859
21 0.6321067810058594
22 0.6553761959075928
23 0.6375277042388916
24 0.6356401443481445
25 0.6327927112579346
26 0.6533558368682861
27 0.636732816696167
28 0.6315586566925049
29 0.6583027839660645
30 0.6343951225280762
31 0.6294753551483154
32 0.6351768970489502
